QGC WPL 110
0   0   3   16   0.000000   0.000000   0.000000   0.000000   -35.362938   149.165085   100.000000   1
1   0   3   22   20.000000  0.000000   0.000000   0.000000   -35.362938   149.165085   100.000000   1
2   0   3   16   0.000000   0.000000   0.000000   0.000000   -35.357938   149.165085   100.000000   1
3   0   3   16   0.000000   0.000000   0.000000   0.000000   -35.359938   149.169085   100.000000   1
4   0   3   16   0.000000   0.000000   0.000000   0.000000   -35.362938   149.170085   100.000000   1
5   0   3   16   0.000000   0.000000   0.000000   0.000000   -35.365938   149.169085   100.000000   1
6   0   3   16   0.000000   0.000000   0.000000   0.000000   -35.367938   149.165085   100.000000   1
7   0   3   16   0.000000   0.000000   0.000000   0.000000   -35.365938   149.161085   100.000000   1
8   0   3   16   0.000000   0.000000   0.000000   0.000000   -35.362938   149.160085   100.000000   1
9   0   3   16   0.000000   0.000000   0.000000   0.000000   -35.359938   149.161085   100.000000   1
10  0   3   16   0.000000   0.000000   0.000000   0.000000   -35.357938   149.165085   100.000000   1
11  0   3   16   0.000000   0.000000   0.000000   0.000000   -35.357500   149.167500   100.000000   1
12  0   3   177  0.000000   0.000000   0.000000   0.000000   0.000000     0.000000     0.000000     1
